AerLingus 320906734 2 0	0 0 0 0
Aeroflot* 1197672318 76 14 128 6 1 88
Argentinas 385803648 6 0 0 1 0 0
Aeromexico* 596871813 3 1 64 5 0 0
AirCanada 1865253802 2 0 0 2 0 0
AirFrance 3004002661 14 4 79 6 2 337
AirIndia* 869253552 2 1 329 4 1 158
AirNewZealand* 710174817 3 0 0 5 1 7
AlaskaAirlines* 965346773 5 0 0 5 1 88
Alitalia 698012498 7 2	50 4 0 0
AllNipponAirways 1841234177 3 1 1 7 0 0
American* 5228357340 21 5 101 17 3 416
AustrianAirlines 358239823 1 0 0 1 0 0
Avianca 396922563 5 3 323 0 0 0
BritishAirways* 3179760952 4 0 0 6 0 0
CathayPacific* 2582459303 0 0 0 2 0 0
ChinaAirlines 813216487 12 6 535 2 1 225
Condor 417982610 2 1 16 0 0 0
COPA 550491507 3 1 47 0 0 0
Delta/Northwest* 6525658894 24 12 407 24 2 51
Egyptair 557699891 8 3 282 4 1 14
ElAl 335448023 1 1 4 1 0 0
EthiopianAirlines 488560643 25 5 167 5 2 92
Finnair 506464950 1 0 0	0 0 0
GarudaIndonesia 613356665 10 3 260 4 2 22
GulfAir 301379762 1 0 0	3 1 143
HawaiianAirlines 493877795 0 0 0 1 0 0
Iberia 1173203126 4 1 148 5 0 0
JapanAirlines 1574217531 3 1 520 0 0 0
KenyaAirways 277414794 2 0 0 2 2 283
KLM* 1874561773	7 1 3 1 0 0
KoreanAir 1734522605 12 5 425 1 0 0
LANAirlines 1001965891 3 2 21 0 0 0
Lufthansa* 3426529504 6 1 2 3 0 0
MalaysiaAirlines 1039171244 3 1 34 3 2 537
PakistanInternational 348563137 8 3 234 10 2 46
PhilippineAirlines 413007158 7 4 74 2 1 1
Qantas* 1917428984 1 0 0 5 0 0
RoyalAirMaroc 295705339	5 3 51 3 0 0
SAS* 682971852 5 0 0 6 1 110
SaudiArabian 859673901 7 2 313 11 0 0
SingaporeAirlines 2376857805 2 2 6 2 1 83
SouthAfrican 651502442 2 1 159 1 0 0
SouthwestAirlines 3276525770 1 0 0 8 0 0
SriLankan/AirLanka 325582976 2 1 14 4 0 0
SWISS* 792601299 2 1 229 3 0 0
TACA 259373346 3 1 3 1 1 3
TAM 1509195646 8 3 98 7 2 188
TAP-AirPortugal 619130754 0 0 0 0 0 0
ThaiAirways 1702802250 8 4 308 2 1 1
TurkishAirlines 1946098294 8 3 64 8 2 84
United/Continental* 7139291291 19 8 319 14 2 109
USAirways/AmericaWest* 2455687887 16 7 224 11 2 23
VietnamAirlines 625084918 7 3 171 1 0 0
VirginAtlantic 1005248585 1 0 0 0 0 0
XiameAirlines 430462962 9 1 82 2 0 0